{
 "seed": 42,
 "cases": [
  {
   "manifold": "sphere",
   "dim": 3,
   "p": [
    0.23116513807972336,
    -0.7889550192379909,
    0.5693089289267855
   ],
   "v": [
    0.2134974824181034,
    -0.3478276332952444,
    -0.5687132515753088
   ],
   "q": [
    0.37328892748204523,
    -0.9235356732670923,
    -0.08796156446086606
   ]
  },
  {
   "manifold": "sphere",
   "dim": 10,
   "p": [
    0.06057085694404255,
    -0.149835923118851,
    -0.007960398140757937,
    -0.40417270615480877,
    0.4166592689996144,
    0.3685182687624123,
    0.03128538268658438,
    0.5340875356857687,
    0.22150619669508814,
    -0.4071332657977242
   ],
   "v": [
    0.1299920914490601,
    -0.3376436771244446,
    0.30209250929587134,
    -0.03731066212505292,
    -0.04291562539025637,
    -0.21612957080544562,
    0.4225316500359651,
    -0.026625322319849282,
    -0.13646577478639108,
    -0.14152130842990693
   ],
   "q": [
    0.1659602960143544,
    -0.4253380191542116,
    0.27193060548924863,
    -0.3434657487068612,
    0.279182865317921,
    0.08295190123745219,
    0.4127888981967464,
    0.3839891024712122,
    0.04382633280592724,
    -0.4416363118312464
   ]
  },
  {
   "manifold": "sphere",
   "dim": 50,
   "p": [
    0.09718659871815037,
    0.06672112111002096,
    0.07535484975592903,
    0.07865734628485363,
    0.3910123132012476,
    -0.07420141185304342,
    -0.09352295603318382,
    -0.148574936774362,
    0.11246273140722071,
    0.20612264479809378,
    -0.02080401041839228,
    -0.15339196204576652,
    -0.15053004388181218,
    0.11878228276957864,
    0.13569997821332158,
    0.09916664477798524,
    -0.12150574632309792,
    0.04238696223005318,
    0.02130396622270216,
    0.039927172912570245,
    0.15910151703630715,
    0.04082306197917715,
    0.12395296156685462,
    0.01233828024465804,
    0.05278610954817038,
    0.1152577433287866,
    -0.2660409058823899,
    -0.05836412195961706,
    -0.08587850753171661,
    -0.11664342219192884,
    -0.05023422530757042,
    0.27293960965766917,
    -0.1580795212299306,
    0.17678387382575417,
    -0.3072507362782286,
    -0.06114179110418792,
    0.029714717043754522,
    0.1070298165495828,
    0.12985252571991038,
    0.14484574282027274,
    -0.06366864329860462,
    -0.08441409496550077,
    0.1566453481258471,
    -0.03492747666187481,
    -0.2329090276125807,
    -0.2069104435710108,
    -0.16786943149822653,
    0.09076935555891849,
    0.026003445430381304,
    0.1260656867245037
   ],
   "v": [
    -0.05509403716823679,
    0.019164460242591233,
    0.07796082514790563,
    -0.03999327655609533,
    0.0527416768417414,
    -0.08255777069501188,
    -0.04462396037341532,
    -0.046295237233777306,
    -0.15221732029735804,
    0.05885109320607231,
    -0.05894148925221498,
    0.0034847280860195976,
    0.0625044981758443,
    0.05483765386287295,
    0.08222867726904973,
    -0.013655002300629703,
    -0.05187366206001824,
    -0.010581466887863598,
    -0.21306950400699645,
    -0.18300479862538616,
    -0.16879715727956326,
    -0.12627949177081166,
    0.04887637976256008,
    -0.11435136501157818,
    -0.04835028918063976,
    0.16242254330942948,
    -0.04162061800247812,
    0.09374083226226024,
    -0.11667784793096268,
    -0.024457866095398333,
    -0.1191903444102346,
    -0.046155175510369746,
    0.10794586765838295,
    -0.22004745501052447,
    0.05861271415833356,
    0.030743816683420914,
    -0.0753032057741249,
    -0.18370689428063963,
    0.007480842933071483,
    -0.06858154314096411,
    0.030137180090223797,
    0.003806509848491349,
    0.2000647463751233,
    -0.029752535345763068,
    -0.1261835529203024,
    0.025185036618129205,
    0.02983484974313026,
    0.17028928930980824,
    0.10499950189864089,
    0.043439196186209436
   ],
   "q": [
    0.023628763302460158,
    0.06866839142877712,
    0.12938277164114131,
    0.02335420516703645,
    0.34760145727833014,
    -0.13273119314219345,
    -0.11259822303537134,
    -0.1562423948479637,
    -0.054071030007488835,
    0.21181260186284587,
    -0.07015628467327409,
    -0.11411361023690364,
    -0.057608151933459695,
    0.14131739602853063,
    0.17946502285810817,
    0.06327998492431955,
    -0.140672621643756,
    0.022681096724262162,
    -0.17979603229392102,
    -0.13788333962867183,
    -0.03365832524529484,
    -0.08499320303297207,
    0.13978592328973685,
    -0.09580197975067806,
    -0.004124258619546309,
    0.23763323480344095,
    -0.24178322017789078,
    0.041631374672510164,
    -0.17306341032122238,
    -0.1117226529198324,
    -0.14811343764224852,
    0.16627861315951745,
    -0.02156211933988582,
    -0.06730032462279933,
    -0.18105640066865916,
    -0.01846994912739986,
    -0.04657529805798753,
    -0.08720655323854906,
    0.10620139170021974,
    0.047667787458269856,
    -0.020960886605383845,
    -0.06106028821527901,
    0.3039307538421947,
    -0.05409559266054645,
    -0.29426675958858384,
    -0.13507577045695884,
    -0.10093628330730235,
    0.2261433354733934,
    0.11652072675740849,
    0.13639792486523933
   ]
  },
  {
   "manifold": "spd",
   "dim": 3,
   "p": [
    [
     6.963694974430174,
     -0.0117326887742579,
     2.1345389302634117
    ],
    [
     -0.0117326887742579,
     5.9057594067013035,
     1.5229476507140833
    ],
    [
     2.1345389302634117,
     1.5229476507140833,
     5.616070808293727
    ]
   ],
   "v": [
    [
     -0.08216773663986619,
     0.09345780393278008,
     -0.0061251480906210345
    ],
    [
     0.09345780393278008,
     0.23575267366377828,
     -0.06948465891835175
    ],
    [
     -0.0061251480906210345,
     -0.06948465891835175,
     0.02165980507119804
    ]
   ],
   "q": [
    [
     4.208057369447591,
     -0.4244368560828402,
     1.584195153338735
    ],
    [
     -0.4244368560828402,
     4.180800178664624,
     -1.3446586445211226
    ],
    [
     1.584195153338735,
     -1.3446586445211226,
     6.902306672548135
    ]
   ]
  },
  {
   "manifold": "spd",
   "dim": 6,
   "p": [
    [
     10.59700861672177,
     -1.602572623361926,
     1.336032325496293,
     -3.1445504135789766,
     1.0248048287593439,
     1.657704941263128
    ],
    [
     -1.602572623361926,
     14.769618562476772,
     -0.9572849144489879,
     -0.7383789396514798,
     1.9726594725036173,
     -2.58987542289524
    ],
    [
     1.336032325496293,
     -0.9572849144489879,
     8.286236954155054,
     -2.1392503577082613,
     -0.08939384811714542,
     0.9087753398018521
    ],
    [
     -3.1445504135789766,
     -0.7383789396514798,
     -2.1392503577082613,
     12.064540093771033,
     -2.5049814003210327,
     -4.189762813390348
    ],
    [
     1.0248048287593439,
     1.9726594725036173,
     -0.08939384811714542,
     -2.5049814003210327,
     8.043999371202686,
     1.0979804624131078
    ],
    [
     1.657704941263128,
     -2.58987542289524,
     0.9087753398018521,
     -4.189762813390348,
     1.0979804624131078,
     13.17101212358696
    ]
   ],
   "v": [
    [
     0.12454428249376913,
     0.03126713584368555,
     0.04631811114900987,
     -0.060426619533425964,
     0.03686229838557399,
     -0.06800777883799396
    ],
    [
     0.03126713584368555,
     0.04853190287069441,
     -0.011467484110253313,
     -0.03331664378782145,
     -0.01852463931378115,
     0.0042892981466774805
    ],
    [
     0.04631811114900987,
     -0.011467484110253313,
     0.048578071406290876,
     -0.08993438529347304,
     0.03598586986603276,
     -0.02265935376525482
    ],
    [
     -0.060426619533425964,
     -0.03331664378782145,
     -0.08993438529347304,
     0.06909473317698432,
     -0.029733408230204858,
     0.007815658999766299
    ],
    [
     0.03686229838557399,
     -0.01852463931378115,
     0.03598586986603276,
     -0.029733408230204858,
     0.1008919192946637,
     -0.046730426674640765
    ],
    [
     -0.06800777883799396,
     0.0042892981466774805,
     -0.02265935376525482,
     0.007815658999766299,
     -0.046730426674640765,
     0.006826454811161818
    ]
   ],
   "q": [
    [
     18.864585299741215,
     6.875420893264951,
     -0.3578025328475377,
     -1.234259793138033,
     -1.3858387519467268,
     1.423795461001868
    ],
    [
     6.875420893264951,
     13.472945234394475,
     3.5976755730285115,
     -6.653828892257976,
     0.899563369136942,
     0.7328256562495633
    ],
    [
     -0.3578025328475377,
     3.5976755730285115,
     11.302870042687395,
     -5.6596352261846095,
     -0.5906976715140844,
     0.2763938306574538
    ],
    [
     -1.234259793138033,
     -6.653828892257976,
     -5.6596352261846095,
     27.359977092313855,
     -3.9264084856771504,
     -2.801093503449976
    ],
    [
     -1.3858387519467268,
     0.899563369136942,
     -0.5906976715140844,
     -3.9264084856771504,
     11.647279515058285,
     -0.015378151016643634
    ],
    [
     1.423795461001868,
     0.7328256562495633,
     0.2763938306574538,
     -2.801093503449976,
     -0.015378151016643634,
     8.89974243861204
    ]
   ]
  },
  {
   "manifold": "spd",
   "dim": 10,
   "p": [
    [
     12.352557718968056,
     -0.9296529843126183,
     -0.3477022586331369,
     0.368851484611826,
     -0.7167472758915385,
     -0.6127658010410963,
     0.08363569300792656,
     0.7344687158832741,
     -1.855324952140419,
     0.125362047435056
    ],
    [
     -0.9296529843126183,
     20.653422046773624,
     -2.376028690435763,
     -6.760950915832631,
     -1.2363575867619736,
     4.04630382078697,
     5.011334769601297,
     -1.6689550174229681,
     1.1769207012202163,
     2.17781107475621
    ],
    [
     -0.3477022586331369,
     -2.376028690435763,
     15.797478147106972,
     0.2146060430037617,
     3.2261932833953293,
     -0.1120921917794421,
     -1.0090224693833627,
     -1.667681802818465,
     -1.0062736638771226,
     -2.5509903570207215
    ],
    [
     0.368851484611826,
     -6.760950915832631,
     0.2146060430037617,
     25.266878300258174,
     2.704920646288723,
     0.763541013247236,
     3.523844819168783,
     -4.6542875349372,
     1.847206997874434,
     -1.8379518613886443
    ],
    [
     -0.7167472758915385,
     -1.2363575867619736,
     3.2261932833953293,
     2.704920646288723,
     20.847880683195616,
     -0.5221685660749505,
     0.8138038888689828,
     -0.30969353364583835,
     4.567551961510846,
     -3.034920459102962
    ],
    [
     -0.6127658010410963,
     4.04630382078697,
     -0.1120921917794421,
     0.763541013247236,
     -0.5221685660749505,
     17.670914673038745,
     4.1545228458715515,
     -2.624914867430143,
     -1.0764409379320268,
     -0.42390145915230953
    ],
    [
     0.08363569300792656,
     5.011334769601297,
     -1.0090224693833627,
     3.523844819168783,
     0.8138038888689828,
     4.1545228458715515,
     22.222575423281278,
     -6.6287175990014635,
     4.3069339720365365,
     2.367625315321673
    ],
    [
     0.7344687158832741,
     -1.6689550174229681,
     -1.667681802818465,
     -4.6542875349372,
     -0.30969353364583835,
     -2.624914867430143,
     -6.6287175990014635,
     20.906792491060685,
     1.095501970157544,
     -0.9451698598342332
    ],
    [
     -1.855324952140419,
     1.1769207012202163,
     -1.0062736638771226,
     1.847206997874434,
     4.567551961510846,
     -1.0764409379320268,
     4.3069339720365365,
     1.095501970157544,
     22.652345604218684,
     2.9124718966224306
    ],
    [
     0.125362047435056,
     2.17781107475621,
     -2.5509903570207215,
     -1.8379518613886443,
     -3.034920459102962,
     -0.42390145915230953,
     2.367625315321673,
     -0.9451698598342332,
     2.9124718966224306,
     13.819178217116821
    ]
   ],
   "v": [
    [
     0.015167797162620992,
     0.046065599025475,
     0.00496530974457822,
     -0.001397632508970802,
     0.033197032529198166,
     -0.06087005522001361,
     -0.03282943497938341,
     0.01339177460657871,
     0.02320399925033617,
     0.007125140250264294
    ],
    [
     0.046065599025475,
     0.03389641448654246,
     -0.015042222595415329,
     0.0016287734732517677,
     0.06227405288919049,
     -0.017475016659106803,
     -0.05138940313878298,
     0.02914067112427898,
     -0.001894572391680601,
     0.04072687955503723
    ],
    [
     0.00496530974457822,
     -0.015042222595415329,
     -0.04951756621023375,
     -0.02258772290945946,
     -0.02349735621335415,
     0.023520955758647977,
     -0.01891749449877735,
     -0.030752105953435263,
     -0.0018219100297857515,
     -0.004611394840759433
    ],
    [
     -0.001397632508970802,
     0.0016287734732517677,
     -0.02258772290945946,
     0.027770632787888633,
     0.013043736681267088,
     0.009400881693790405,
     -0.013034119017005123,
     0.028847793964713025,
     -0.020719752454033173,
     -0.0021804607010340584
    ],
    [
     0.033197032529198166,
     0.06227405288919049,
     -0.02349735621335415,
     0.013043736681267088,
     -0.010517092860961743,
     0.0015873807652565849,
     0.009326769063540089,
     -0.051392141606885204,
     -0.05485913184091993,
     -0.026150325948526593
    ],
    [
     -0.06087005522001361,
     -0.017475016659106803,
     0.023520955758647977,
     0.009400881693790405,
     0.0015873807652565849,
     0.043091534821367024,
     0.042158588767752046,
     -0.011928673801702042,
     0.047885911553458886,
     0.023111416904127217
    ],
    [
     -0.03282943497938341,
     -0.05138940313878298,
     -0.01891749449877735,
     -0.013034119017005123,
     0.009326769063540089,
     0.042158588767752046,
     0.06807695737827026,
     -0.048501606198814405,
     0.0012133501456290925,
     -0.03731094454201458
    ],
    [
     0.01339177460657871,
     0.02914067112427898,
     -0.030752105953435263,
     0.028847793964713025,
     -0.051392141606885204,
     -0.011928673801702042,
     -0.048501606198814405,
     -0.02588470226154103,
     0.030511791796768307,
     0.0028450169369998004
    ],
    [
     0.02320399925033617,
     -0.001894572391680601,
     -0.0018219100297857515,
     -0.020719752454033173,
     -0.05485913184091993,
     0.047885911553458886,
     0.0012133501456290925,
     0.030511791796768307,
     0.015167134454142944,
     -0.003105618153747473
    ],
    [
     0.007125140250264294,
     0.04072687955503723,
     -0.004611394840759433,
     -0.0021804607010340584,
     -0.026150325948526593,
     0.023111416904127217,
     -0.03731094454201458,
     0.0028450169369998004,
     -0.003105618153747473,
     0.012418811362821714
    ]
   ],
   "q": [
    [
     25.085986682881966,
     -5.067889450672855,
     -2.544858456966205,
     -1.278123156853149,
     5.597848166518069,
     -3.214596228344213,
     -3.8699973966523746,
     1.9206606210453199,
     -0.7127519908405636,
     -7.240131330371533
    ],
    [
     -5.067889450672855,
     20.01290681136423,
     0.16588089971508138,
     -5.649341816140488,
     0.8452787751363116,
     5.967305503083249,
     6.348755470867422,
     -4.909784700150286,
     3.3096439218107907,
     -1.8387603822112994
    ],
    [
     -2.544858456966205,
     0.16588089971508138,
     15.57076411401212,
     4.084355010545181,
     -2.0021035616937004,
     -2.12103729109483,
     -1.9141042157234118,
     -0.5480571307952733,
     -1.5595578344791385,
     2.59857138003344
    ],
    [
     -1.278123156853149,
     -5.649341816140488,
     4.084355010545181,
     22.918235855095,
     -6.030381891007405,
     -6.6370543974763985,
     -7.697679031607092,
     5.312356166684253,
     -2.4326162529415103,
     6.218950802947557
    ],
    [
     5.597848166518069,
     0.8452787751363116,
     -2.0021035616937004,
     -6.030381891007405,
     31.673888076433432,
     0.34777511871149264,
     -0.6624544616873028,
     5.897464312875457,
     -0.44555027062448127,
     -4.22710490417517
    ],
    [
     -3.214596228344213,
     5.967305503083249,
     -2.12103729109483,
     -6.6370543974763985,
     0.34777511871149264,
     16.17107916877475,
     5.384494573581776,
     -3.7672021412093937,
     2.201186313681305,
     -2.775465255042719
    ],
    [
     -3.8699973966523746,
     6.348755470867422,
     -1.9141042157234118,
     -7.697679031607092,
     -0.6624544616873028,
     5.384494573581776,
     19.555836888630303,
     -4.2023781619823755,
     2.0567605683435697,
     -3.3925006620540263
    ],
    [
     1.9206606210453199,
     -4.909784700150286,
     -0.5480571307952733,
     5.312356166684253,
     5.897464312875457,
     -3.7672021412093937,
     -4.2023781619823755,
     24.95258866305125,
     -3.249485851995154,
     3.223438239704621
    ],
    [
     -0.7127519908405636,
     3.3096439218107907,
     -1.5595578344791385,
     -2.4326162529415103,
     -0.44555027062448127,
     2.201186313681305,
     2.0567605683435697,
     -3.249485851995154,
     13.011184269553826,
     -1.2882296461942193
    ],
    [
     -7.240131330371533,
     -1.8387603822112994,
     2.59857138003344,
     6.218950802947557,
     -4.22710490417517,
     -2.775465255042719,
     -3.3925006620540263,
     3.223438239704621,
     -1.2882296461942193,
     18.618038395126487
    ]
   ]
  }
 ]
}